Any[(10, 9), (10, 6), (10, 4), (9, 3), (8, 8), (7, 7), (7, 5), (7, 1), (6, 9), (5, 5), (4, 10), (4, 6), (4, 3), (3, 2), (2, 8), (1, 9), (1, 5), (1, 1)]
11
[ ] [ ] [0] [ ] [ ] [#] [ ] [ ] [ ] [ ] 

[#] [1] [ ] [ ] [#] [ ] [ ] [ ] [ ] [ ] 

[#] [ ] [ ] [ ] [ ] [ ] [ ] [ ] [0] [ ] 

[ ] [ ] [ ] [ ] [2] [ ] [ ] [#] [1] [ ] 

[ ] [ ] [ ] [ ] [ ] [2] [ ] [0] [ ] [ ] 

[ ] [ ] [0] [ ] [#] [ ] [ ] [ ] [ ] [ ] 

[ ] [1] [#] [ ] [ ] [2] [ ] [ ] [ ] [ ] 

[ ] [0] [ ] [ ] [ ] [ ] [ ] [ ] [ ] [#] 

[ ] [ ] [ ] [ ] [ ] [1] [ ] [ ] [#] [#] 

[ ] [ ] [ ] [ ] [2] [ ] [ ] [1] [ ] [ ] 

