12_10: 0.02619000, 0.01634407, 0.04340410
12_20: 0.04582763, 0.00054312, 0.93073988
12_30: 0.00701080, 0.00039601, 0.13334489

20_20: 0.17642882, 0.11655092, 0.30394101
20_40: 0.09845138, 0.00265789, 1.87396884
20_60: 0.01377919, 0.00180697, 0.15660906

30_50: 0.43421669, 0.32344294, 0.64231896
30_80: 0.20262857, 0.00869083, 0.62975192
30_110: 0.03325513, 0.00494909, 0.32413101

40_70: 1.30765737, 1.01105690, 1.66568184
40_120: 0.81648103, 0.11710486, 4.98611903
40_170: 0.21187855, 0.01201010, 1.25521302

50_100: 2.72411897, 2.37819481, 3.37404490
50_200: 12.85033341, 2.82507801, 46.20960116
50_300: 3.06631980, 0.01528692, 12.17511797
