0; 0.00044083595275878906
0; 0.00038909912109375
0; 0.0003070831298828125
0; 0.0002849102020263672
0; 0.0003159046173095703
0; 0.00028514862060546875
0; 0.0002760887145996094
0; 0.00027298927307128906
0; 0.00026988983154296875
0; 0.00026106834411621094


14; 0.21480584144592285
7; 0.005148887634277344
14; 0.0013699531555175781
140; 0.0039000511169433594
0; 0.0009548664093017578
3; 0.0011048316955566406
0; 0.0008091926574707031
0; 0.0007600784301757812
14; 0.0011248588562011719
14; 0.0010929107666015625


23; 0.002552032470703125
73; 0.003749847412109375
415; 0.013589143753051758
153; 0.006200075149536133
322; 0.01116800308227539
191; 0.016993999481201172
412; 0.012765884399414062
146; 0.005611896514892578
85; 0.004765987396240234
133; 0.005529165267944336


4; 0.0018041133880615234
26; 0.0022459030151367188
0; 0.0016520023345947266
6; 0.0021209716796875
0; 0.0016849040985107422
14; 0.0020210742950439453
18; 0.00197601318359375
9; 0.0019459724426269531
3; 0.0017330646514892578
15; 0.0020520687103271484


20805; 0.808387041091919
12393; 0.4889349937438965
10349; 0.4141659736633301
6466; 0.26483702659606934
20480; 0.81620192527771
7570; 0.32485485076904297
8895; 0.4257020950317383
8221; 0.32977294921875
16969; 0.6769509315490723
14804; 0.5799961090087891
